Sample1: 0.0488741397857666
Sample2: 0.04484844207763672
Sample3: 0.005978584289550781
Sample4: 0.005987644195556641
