Sample1: 0.15641307830810547
Sample2: 0.16859960556030273
Sample3: 0.011981010437011719
Sample4: 0.009168148040771484